#gottowik@astro9:/common/scrd/gottowik/offline/trunk/Framework/SDetector$ grep -B7 "    <inGrid> 1 </inGrid>" SStationList.xml.in | grep -E 'northing|easting|id=' > ~/blabla.txt

 1 6082772.00  454380.00 
 2 6081451.00  456611.00 
 3 6082755.00  463384.00 
 5 6082759.00  455882.00 
 6 6085287.00  452840.00 
 7 6084060.00  453630.00 
 8 6085437.00  454408.00 
 9 6084059.00  455148.00 
 10 6081449.00  455109.00 
 14 6086670.14  455125.17 
 16 6086673.83  459613.86 
 18 6086661.03  453630.46 
 21 6085355.12  457373.26 
 26 6085380.31  455877.02 
 31 6082764.55  461878.32 
 33 6080168.49  460373.54 
 34 6081459.49  461124.69 
 35 6086656.73  458143.72 
 38 6081454.69  459641.60 
 40 6086656.03  456632.47 
 43 6085360.76  458860.48 
 44 6084054.97  459623.99 
 45 6085350.90  460376.28 
 46 6084063.49  458118.57 
 48 6085362.77  461870.28 
 49 6082769.50  460371.43 
 51 6078843.22  462622.16 
 52 6080160.46  461877.96 
 53 6084059.43  461139.28 
 55 6087950.83  455859.16 
 57 6087955.78  454377.53 
 58 6086661.07  461116.30 
 61 6081452.49  462628.06 
 63 6082755.93  458900.88 
 65 6084042.48  456643.00 
 66 6080214.29  463338.73 
 68 6084066.18  462628.44 
 70 6082779.47  463390.60 
 101 6091837.98  468619.84 
 102 6089249.42  468626.01 
 103 6091856.57  467127.23 
 104 6093214.94  467823.99 
 105 6089277.69  470118.65 
 106 6087951.98  472369.04 
 107 6093146.75  472375.73 
 108 6093151.45  466375.6 
 109 6094504.11  467059.18 
 110 6093151.03  469383.96 
 111 6087954.07  473873.11 
 112 6090552.42  472374.78 
 113 6089249.41  473121.07 
 114 6094457.9  471631.53 
 115 6089247.38  458133.5 
 116 6094439.11  470137.54 
 117 6093153.86  470874.13 
 118 6094442.28  468630.63 
 119 6091851.8  471630.6 
 121 6082782.8  467880.07 
 122 6091858.5  473126.25 
 123 6089194.49  456646.38 
 124 6087948.71  457370.82 
 125 6081469.21  464121.84 
 126 6090565.77  457321.93 
 127 6091843.62  458124.53 
 128 6084047.04  464130.62 
 129 6091870.3  456638.35 
 130 6093133.56  457329.46 
 131 6090554.52  467872.25 
 132 6086651.72  473126.99 
 133 6086649.14  471627.25 
 134 6089329.68  471589.85 
 135 6086647.51  470127.05 
 137 6084045.01  477625.37 
 138 6090545.78  469374.93 
 139 6091848.95  470130.35 
 140 6090546.52  470890.71 
 141 6093144.84  478375.27 
 142 6087951.94  470879.25 
 143 6086648.68  468629.07 
 144 6087950.52  469379.74 
 145 6085352.01  469379.56 
 146 6085347.68  470879.45 
 147 6085352.81  472376.2 
 148 6086643.18  467128.44 
 149 6085350.17  467875.58 
 150 6087952.03  467875.75 
 151 6089231.77  467117.55 
 152 6086674.85  462599.09 
 153 6085344.43  463389.61 
 154 6085335.61  464872.08 
 155 6086658.75  464112.86 
 156 6089264.51  465642.87 
 157 6087950.55  464897.51 
 158 6087944.83  466373.0 
 159 6090544.77  460363.51 
 160 6089254.03  461127.06 
 161 6090547.68  461866.14 
 162 6090533.48  463455.42 
 163 6087950.63  461878.5 
 164 6089235.89  462595.03 
 165 6087935.28  463397.9 
 166 6089235.41  464110.14 
 167 6084048.56  467124.8 
 168 6084043.69  465657.49 
 169 6085347.96  466375.57 
 170 6086636.45  465611.56 
 171 6091847.02  465642.02 
 172 6090547.41  464875.23 
 173 6090521.43  466377.17 
 174 6091790.51  464075.37 
 175 6094396.68  462684.55 
 176 6093143.83  463313.04 
 177 6093183.51  461876.02 
 178 6091795.01  462547.84 
 179 6093194.9  464861.17 
 180 6087901.5  458849.45 
 181 6089238.62  459633.98 
 182 6087964.1  460403.16 
 183 6094364.96  464154.84 
 184 6090530.54  458779.49 
 187 6093129.79  458854.99 
 188 6093079.77  460413.14 
 189 6091882.55  461185.04 
 190 6091852.12  459625.7 
 191 6084054.23  470125.87 
 192 6084053.92  468575.67 
 193 6082744.73  469469.02 
 194 6084055.39  471627.61 
 195 6082760.82  472376.6 
 196 6082759.52  466372.11 
 197 6082758.34  464875.15 
 198 6082748.73  470870.79 
 199 6081502.46  467131.79 
 200 6081461.94  470125.9 
 201 6081493.3  468608.78 
 202 6081467.0  471625.66 
 203 6095749.81  469375.88 
 204 6095743.53  470876.13 
 205 6095746.02  467869.94 
 206 6097035.37  470126.17 
 207 6089251.81  476121.09 
 208 6086642.32  479126.58 
 209 6093144.72  473876.47 
 211 6094446.17  474626.53 
 212 6094444.46  473124.79 
 213 6097037.4  471627.57 
 214 6093145.9  475375.2 
 215 6095743.76  472378.81 
 216 6097035.08  473125.91 
 217 6095739.77  473880.34 
 218 6091846.5  474626.29 
 219 6086647.24  474639.87 
 220 6087945.51  475376.57 
 221 6087952.54  478382.17 
 222 6084046.93  473129.35 
 223 6089247.56  474626.73 
 224 6084046.53  474625.27 
 225 6086645.03  476127.44 
 226 6090545.43  475373.77 
 227 6086643.8  477627.19 
 228 6081457.31  477615.81 
 229 6090555.05  473875.97 
 230 6090544.73  479875.06 
 231 6085347.71  475376.69 
 232 6085347.98  473876.31 
 233 6087946.52  476874.71 
 234 6090547.73  476873.47 
 235 6091858.38  476124.12 
 236 6087947.42  479876.74 
 237 6089240.51  477626.35 
 238 6091849.5  477623.08 
 239 6089246.05  479126.54 
 240 6090544.07  478377.0 
 241 6084052.7  476124.31 
 242 6085375.99  478387.73 
 243 6085355.89  476874.7 
 244 6094442.72  476126.65 
 245 6082762.41  476876.73 
 246 6082755.83  475374.58 
 247 6091842.86  479125.88 
 248 6093146.0  476879.43 
 249 6082751.69  478374.13 
 250 6084042.93  482125.11 
 251 6095740.22  478374.57 
 252 6094439.4  479125.83 
 253 6097029.27  476121.81 
 254 6097013.14  477618.86 
 255 6084044.65  480624.67 
 256 6085343.0  479875.36 
 257 6084046.85  479129.88 
 258 6097035.84  474624.57 
 259 6095748.86  475375.49 
 260 6094444.59  477625.39 
 261 6095739.07  476870.72 
 262 6085344.08  481375.12 
 263 6086647.54  480627.1 
 264 6082757.28  482874.04 
 265 6082752.25  481375.8 
 266 6080153.45  476877.27 
 267 6082755.48  479875.81 
 268 6081459.02  483623.57 
 269 6081457.09  479123.62 
 270 6081447.54  480603.93 
 271 6081505.35  482112.81 
 272 6080155.48  478375.01 
 273 6080154.6  475375.97 
 274 6081456.94  474625.31 
 275 6081459.78  476127.18 
 276 6078851.83  477624.94 
 277 6080153.92  479877.0 
 278 6080154.73  481374.91 
 279 6078860.55  479124.31 
 280 6077555.74  475374.75 
 281 6078859.06  476123.18 
 282 6077493.28  473855.45 
 283 6080157.7  472378.25 
 284 6078857.14  474623.56 
 285 6080153.95  482873.37 
 286 6078854.87  482124.62 
 287 6078843.47  480620.18 
 288 6077555.35  478374.08 
 289 6077553.64  479870.03 
 290 6080153.47  473877.91 
 291 6077564.33  476876.53 
 292 6078856.06  473124.86 
 293 6073656.75  473124.99 
 294 6073657.35  471628.58 
 295 6081448.31  473128.35 
 296 6077553.13  470874.35 
 297 6077554.74  472374.1 
 298 6077548.3  481387.69 
 299 6078861.3  471624.67 
 300 6073661.56  465622.78 
 301 6074956.85  472375.49 
 302 6073655.77  470127.59 
 303 6074956.86  470874.88 
 304 6080135.35  470923.82 
 305 6080148.38  469374.42 
 306 6078844.04  467120.42 
 307 6078858.05  468627.12 
 308 6080162.52  466374.56 
 309 6072360.6  478377.56 
 310 6080160.16  467878.75 
 311 6077551.67  469375.05 
 312 6078845.82  470112.46 
 313 6076256.23  468623.83 
 314 6074960.77  473873.23 
 315 6077557.91  467874.51 
 316 6082754.02  473876.32 
 317 6076232.11  477622.94 
 318 6080162.69  457382.02 
 319 6076257.07  470124.18 
 320 6082753.48  457376.68 
 321 6072355.47  458874.37 
 322 6073656.02  459623.25 
 323 6080156.31  458874.92 
 324 6076247.34  471624.12 
 325 6072369.2  467895.6 
 326 6076258.88  473122.56 
 327 6073659.14  479125.24 
 328 6076254.34  467124.95 
 329 6073653.74  468621.13 
 330 6073658.76  467124.13 
 331 6072353.92  469373.45 
 332 6078859.69  465625.36 
 333 6078861.42  464126.36 
 334 6074953.84  466374.09 
 336 6072356.99  472375.35 
 337 6072353.17  466375.82 
 338 6081459.94  455108.8 
 339 6074967.21  467875.5 
 340 6074955.39  469375.93 
 341 6077556.51  466374.86 
 342 6077557.28  464875.62 
 343 6076253.25  465624.22 
 344 6077556.91  463375.9 
 345 6072355.81  475374.04 
 346 6074999.42  455859.81 
 347 6074960.43  479874.46 
 348 6074957.31  478376.78 
 349 6073699.56  474648.84 
 350 6072352.48  473873.43 
 351 6073662.72  476126.19 
 352 6076253.98  479115.56 
 353 6072355.49  476875.61 
 354 6080155.27  464879.63 
 355 6073654.68  477624.93 
 356 6081519.15  465552.89 
 357 6076257.56  474622.57 
 358 6074956.2  475374.92 
 359 6074951.5  476875.24 
 360 6074958.59  458873.19 
 361 6074955.96  457373.85 
 362 6076254.33  476124.04 
 363 6082767.95  455885.74 
 364 6076254.43  456623.37 
 365 6081435.53  456605.98 
 366 6080155.82  455873.6 
 367 6076237.71  458103.01 
 368 6076258.09  455116.13 
 369 6081458.58  458123.92 
 370 6077554.66  455878.34 
 371 6077548.54  454372.15 
 372 6084075.49  455139.46 
 373 6082737.86  452874.31 
 374 6078855.6  458125.41 
 375 6077556.37  460375.23 
 376 6077557.78  458875.22 
 377 6084056.82  453619.19 
 378 6073656.29  458124.06 
 379 6073656.52  456623.43 
 380 6095749.34  481374.82 
 381 6095751.24  479864.75 
 382 6097031.27  480626.44 
 383 6073650.9  464129.22 
 384 6073654.34  461127.61 
 385 6073652.0  462624.94 
 386 6072355.43  464874.06 
 387 6072358.04  463374.22 
 388 6081454.63  452122.74 
 389 6081499.88  453617.63 
 390 6078856.39  459623.51 
 391 6078857.32  456623.39 
 392 6097033.18  479120.23 
 393 6082780.0  454373.24 
 394 6078855.31  461126.92 
 395 6080157.14  454335.44 
 396 6081466.61  461122.27 
 397 6084057.52  458115.18 
 398 6080156.01  452877.68 
 399 6078854.88  455125.94 
 400 6084054.92  459628.95 
 401 6078853.96  453626.95 
 402 6077555.3  457375.25 
 403 6080219.39  463337.44 
 404 6084051.42  456638.35 
 405 6080166.67  461876.6 
 406 6085442.09  454406.44 
 407 6086654.17  455130.73 
 408 6078840.46  462616.54 
 409 6086666.87  453626.9 
 410 6081458.4  462624.75 
 411 6094447.15  480626.37 
 412 6080175.7  460369.92 
 413 6093145.72  479877.76 
 414 6082776.19  460364.88 
 415 6082747.9  458899.85 
 416 6081461.01  459638.26 
 417 6085351.82  457378.16 
 418 6093147.11  481376.28 
 419 6076257.09  464125.4 
 420 6094443.62  482127.28 
 421 6087950.36  454376.22 
 422 6076256.82  462625.99 
 423 6087952.26  455875.24 
 424 6086651.3  456628.78 
 425 6077556.97  461876.15 
 426 6087950.14  452876.82 
 427 6074952.04  460374.64 
 428 6071066.01  473128.88 
 429 6076254.07  459625.09 
 430 6071066.67  471629.28 
 431 6074956.4  463376.78 
 432 6076256.59  461126.08 
 433 6074954.86  461874.56 
 434 6074955.06  464874.73 
 435 6085346.64  460377.49 
 436 6084046.06  462629.27 
 437 6085351.07  461877.91 
 438 6082753.38  463372.07 
 439 6071063.4  461125.52 
 440 6072356.27  460376.49 
 441 6072358.22  461878.51 
 442 6071063.57  462625.44 
 443 6071064.49  465624.26 
 444 6071065.5  464125.18 
 445 6069764.01  463376.3 
 446 6069772.65  464875.85 
 447 6085351.87  455877.9 
 448 6084053.96  461128.82 
 449 6086652.36  459630.07 
 450 6091849.15  480625.69 
 451 6082757.42  461877.45 
 452 6091844.76  482128.51 
 453 6086649.84  461128.24 
 454 6093148.65  482877.2 
 455 6087946.65  481376.35 
 456 6089263.01  482122.02 
 457 6089246.68  480625.6 
 458 6090544.04  482876.08 
 459 6090544.01  481378.17 
 460 6078856.49  483632.44 
 461 6077554.79  482877.81 
 462 6076252.53  483628.34 
 463 6074956.72  481373.92 
 464 6077554.33  484376.21 
 465 6080156.02  485875.09 
 466 6078856.53  485125.96 
 467 6071077.08  480627.49 
 468 6072354.27  479874.73 
 469 6071063.53  479128.63 
 470 6072357.16  470875.88 
 471 6080153.95  484379.34 
 472 6081464.56  485117.53 
 473 6076255.48  482125.74 
 474 6074954.81  482874.1 
 475 6076265.71  480631.84 
 476 6072350.64  481371.96 
 477 6072349.04  482885.26 
 478 6073657.65  483626.52 
 479 6073655.73  480624.6 
 480 6073657.15  482127.86 
 481 6094449.72  465624.93 
 482 6095746.15  464876.93 
 483 6082758.5  484384.21 
 484 6095767.34  463382.23 
 485 6095743.53  466373.03 
 486 6097039.24  462622.9 
 487 6097035.09  465625.61 
 488 6097034.49  464126.52 
 489 6098279.61  461883.69 
 490 6084047.31  485127.91 
 491 6082763.63  485870.47 
 492 6081454.31  486624.62 
 493 6082757.05  487375.81 
 494 6084047.78  486632.98 
 495 6085344.33  485875.68 
 496 6084045.06  488125.59 
 497 6084037.69  483626.5 
 498 6086642.24  482126.14 
 499 6085332.09  484385.12 
 500 6080166.28  488887.77 
 501 6085343.45  482873.9 
 502 6099637.46  473126.28 
 503 6100932.26  476877.57 
 504 6098344.9  476874.5 
 505 6100933.6  478377.44 
 506 6099641.78  477625.65 
 507 6091848.24  489626.6 
 508 6091848.18  486624.25 
 509 6100937.91  473879.2 
 510 6099638.64  476126.46 
 511 6100935.91  475378.84 
 512 6077553.8  488877.72 
 513 6085342.21  488876.04 
 514 6090546.53  484376.3 
 515 6098341.05  473875.83 
 516 6076253.53  488128.78 
 517 6074961.56  484373.72 
 518 6077553.86  485875.72 
 519 6077553.28  487376.92 
 520 6073663.68  485131.51 
 521 6089247.01  488125.77 
 522 6098340.23  478375.6 
 523 6099638.46  474631.95 
 524 6082757.46  491877.74 
 525 6098332.71  475440.08 
 526 6082757.55  490375.03 
 527 6074952.86  487379.27 
 528 6087932.05  485873.18 
 529 6087946.04  487375.5 
 530 6076257.97  485127.94 
 531 6076253.56  486624.59 
 532 6089241.23  483624.32 
 533 6074953.30  485884.58 
 534 6087936.35  484374.96 
 535 6098334.56  464875.82 
 536 6098332.36  463378.55 
 537 6098334.9  466375.85 
 538 6086641.81  483620.71 
 539 6086638.85  485124.51 
 540 6087947.08  482873.0 
 541 6090546.86  488875.88 
 542 6098339.08  467876.16 
 543 6093149.9  485873.07 
 544 6087939.16  488909.83 
 545 6112638.12  471595.71 
 546 6082758.42  488873.97 
 547 6086643.74  489625.87 
 548 6097054.89  468628.2 
 549 6093146.64  484376.94 
 550 6078845.73  488131.59 
 551 6100934.51  461826.53 
 552 6078856.75  486627.36 
 553 6080154.94  490375.39 
 554 6085344.66  487375.77 
 555 6091845.46  488124.95 
 556 6078854.41  489625.12 
 557 6080154.47  487373.83 
 558 6099635.22  464128.18 
 559 6090548.19  485875.37 
 560 6099633.37  462629.03 
 561 6086643.97  491125.35 
 562 6091847.96  483626.92 
 563 6099634.04  459627.76 
 564 6087943.44  490375.16 
 565 6099636.38  465623.52 
 566 6086645.78  488126.38 
 567 6081453.59  491125.48 
 568 6099634.53  461127.08 
 569 6081454.19  488116.57 
 570 6086647.59  486623.39 
 571 6093145.3  487372.23 
 572 6081466.38  489625.53 
 573 6089246.47  485129.44 
 574 6089244.76  486626.88 
 575 6090548.45  487375.12 
 576 6091845.56  485126.79 
 577 6100935.42  458877.42 
 578 6093149.36  488873.5 
 579 6089248.15  489623.87 
 580 6090545.33  490375.59 
 581 6089247.79  491125.82 
 582 6096939.43  467105.95 
 583 6111329.93  446878.16 
 584 6100945.96  457379.45 
 585 6107437.39  443132.89 
 586 6102237.1  459630.11 
 587 6100938.87  460376.51 
 588 6104835.77  453620.04 
 589 6100937.75  455874.99 
 590 6099677.0  458092.32 
 591 6107437.7  449128.8 
 592 6103476.97  455891.32 
 593 6102341.92  461244.87 
 594 6102236.85  456632.39 
 595 6103547.15  454368.85 
 596 6102235.6  458122.54 
 597 6110026.13  447632.11 
 598 6102231.44  455122.36 
 599 6108739.27  448380.0 
 600 6106140.13  443877.74 
 601 6111327.32  445368.61 
 602 6111323.49  448376.36 
 603 6110052.97  446127.66 
 604 6098309.06  460458.48 
 605 6112629.9  446125.27 
 606 6110029.03  449125.66 
 610 6104838.62  441629.88 
 611 6106136.74  446879.78 
 612 6108741.78  449885.24 
 613 6107438.61  450623.94 
 614 6108741.33  443873.79 
 616 6108740.16  446876.95 
 617 6106138.66  445376.19 
 618 6107435.26  444630.07 
 619 6107431.92  446124.63 
 620 6104840.02  443127.66 
 621 6103546.68  445372.74 
 622 6106158.41  448374.47 
 623 6107438.04  447625.44 
 624 6103529.38  446896.77 
 625 6106133.32  442392.28 
 626 6103531.63  449869.34 
 627 6103535.9  443879.59 
 628 6106140.02  449877.3 
 629 6104839.61  452129.27 
 630 6104835.02  444630.01 
 631 6104839.31  446133.37 
 632 6104839.07  449125.94 
 633 6108737.85  445377.34 
 634 6103541.02  451379.6 
 636 6103538.57  452876.0 
 637 6103535.66  448373.92 
 638 6104835.8  447623.36 
 640 6106136.15  451383.47 
 641 6104845.64  450624.61 
 642 6095748.92  484380.61 
 644 6103540.69  440874.06 
 645 6094424.94  485166.12 
 646 6095755.14  482874.16 
 647 6094452.41  483628.49 
 648 6103542.88  442362.69 
 649 6104840.03  446131.48 
 650 6110036.14  450626.42 
 652 6104833.19  455134.88 
 653 6110031.28  453628.37 
 654 6098342.17  482871.16 
 655 6106128.73  454373.51 
 656 6110025.99  455128.37 
 657 6112623.37  455127.82 
 658 6110033.66  452124.39 
 661 6108742.24  451376.25 
 662 6107424.67  453641.92 
 664 6111331.15  454369.72 
 665 6107420.12  455130.77 
 666 6108741.92  452877.9 
 667 6086648.21  458128.01 
 668 6085366.36  458860.51 
 670 6099646.83  495620.94 
 671 6107442.65  452135.12 
 672 6108742.21  454377.79 
 673 6099636.78  498622.77 
 674 6095763.19  485871.86 
 675 6097053.99  483616.79 
 676 6094454.25  486623.25 
 677 6103548.89  503875.36 
 678 6104846.95  503130.04 
 679 6095735.95  487376.36 
 680 6106139.89  505378.86 
 681 6097040.23  482123.77 
 682 6110029.73  504630.52 
 683 6098349.68  484393.67 
 684 6119127.22  452879.55 
 686 6094443.73  488127.04 
 687 6108745.4  506864.03 
 689 6117830.34  453628.04 
 690 6119130.7  454379.5 
 691 6099641.71  486623.17 
 692 6100947.05  485880.16 
 693 6117824.43  452127.89 
 694 6117827.36  455123.11 
 696 6099641.4  485117.41 
 697 6099631.48  488129.07 
 699 6117826.03  449125.19 
 700 6097030.69  486637.87 
 703 6117822.71  450622.97 
 704 6098346.53  485877.59 
 705 6097041.16  485124.5 
 706 6111326.06  506876.59 
 708 6110021.94  503123.08 
 709 6098339.68  487377.61 
 711 6110031.59  507627.68 
 712 6110029.37  506128.4 
 713 6116527.51  454372.1 
 714 6100938.83  490373.18 
 715 6098341.87  491877.92 
 716 6097053.6  488127.78 
 717 6095745.64  490372.53 
 718 6095751.06  488883.16 
 719 6099635.41  491119.85 
 720 6097049.12  492631.28 
 721 6100937.89  487383.14 
 722 6097046.06  489638.95 
 723 6100942.47  488873.8 
 724 6098338.72  490373.4 
 725 6098339.48  488871.51 
 726 6099647.91  489621.08 
 727 6094455.22  489630.78 
 728 6094444.56  491132.86 
 729 6097041.39  491134.72 
 730 6090552.97  491881.77 
 731 6099635.13  492627.39 
 732 6104835.96  501632.64 
 733 6100938.09  491873.68 
 735 6100937.49  493374.88 
 737 6111334.27  505379.17 
 738 6108731.24  502379.09 
 739 6104836.21  500128.38 
 740 6106130.9  503884.96 
 741 6106142.12  499373.88 
 742 6097035.15  494127.85 
 743 6107441.24  504624.69 
 744 6107437.42  501631.55 
 745 6107439.31  500123.62 
 746 6104718.2  494225.59 
 747 6093150.48  490371.44 
 748 6104836.55  504622.99 
 749 6102235.08  462625.23 
 750 6104836.63  497137.75 
 751 6103534.04  497874.76 
 752 6108742.98  500875.4 
 753 6111325.35  503877.47 
 754 6094455.59  492626.8 
 755 6095747.78  491878.89 
 756 6102235.34  494119.44 
 757 6102244.94  497120.16 
 758 6100946.33  496388.75 
 759 6102247.07  492631.78 
 760 6093149.97  491885.01 
 761 6102243.6  495620.09 
 762 6099635.74  494127.37 
 763 6099641.51  497126.34 
 764 6100938.26  497874.53 
 765 6107434.08  497127.16 
 766 6091844.72  491132.53 
 767 6107438.24  503122.19 
 768 6091852.04  492631.67 
 769 6102238.7  498627.41 
 770 6106119.03  502382.23 
 771 6103537.87  502369.94 
 772 6100942.26  494875.13 
 773 6102232.41  491124.94 
 774 6106137.82  500874.21 
 775 6103535.54  493376.41 
 776 6103538.16  500877.75 
 777 6103542.98  499373.28 
 778 6106124.22  496391.02 
 779 6103540.23  460373.96 
 780 6095752.68  493370.88 
 781 6103533.36  458874.65 
 782 6107427.05  498624.46 
 783 6098331.52  493373.18 
 784 6104845.84  498625.04 
 785 6103601.88  457398.92 
 786 6116528.14  448373.25 
 787 6116432.87  446854.57 
 788 6103532.11  494881.06 
 789 6106140.79  497868.84 
 790 6111332.68  508376.73 
 791 6100927.01  464872.08 
 792 6104836.74  495628.18 
 793 6103547.28  496364.18 
 794 6108730.47  503873.84 
 795 6100938.31  463377.07 
 796 6099634.63  468623.53 
 797 6100936.19  466374.94 
 798 6099635.3  467125.62 
 799 6108742.8  505378.79 
 800 6098335.77  469376.32 
 801 6107439.15  506126.73 
 802 6113923.33  467875.11 
 803 6117824.01  458126.84 
 804 6113898.75  464858.99 
 805 6106123.23  473882.49 
 806 6113911.68  469387.71 
 807 6112630.51  506126.38 
 808 6112631.36  507630.02 
 809 6106111.33  472366.87 
 810 6102236.39  477628.68 
 811 6102236.23  474634.11 
 812 6102238.68  464128.09 
 813 6102234.16  471628.5 
 814 6102235.48  476128.47 
 815 6098335.25  470876.0 
 816 6100938.47  467873.56 
 817 6099643.74  470126.14 
 818 6108726.65  472387.45 
 820 6106129.01  470860.4 
 821 6098340.04  472375.64 
 822 6099636.98  471628.3 
 823 6100941.67  470878.97 
 824 6115225.2  455124.81 
 825 6102235.44  473129.81 
 826 6104851.68  473129.53 
 827 6111317.53  470863.38 
 828 6102235.95  470128.48 
 829 6104842.42  471635.56 
 830 6111310.5  472375.38 
 831 6100936.52  472378.48 
 832 6110025.55  470127.49 
 833 6111320.68  473878.55 
 834 6108728.86  473869.27 
 835 6107412.95  473115.38 
 836 6110018.76  473146.11 
 837 6107379.28  474633.65 
 838 6104816.14  474636.9 
 839 6109992.49  471609.37 
 840 6108704.49  470890.41 
 841 6110031.28  474596.86 
 842 6117830.74  459630.22 
 843 6110013.78  468627.74 
 844 6115232.84  456634.23 
 845 6116550.14  458870.59 
 846 6112634.26  473117.81 
 847 6116531.2  455884.76 
 848 6112631.34  474621.29 
 849 6111330.73  469376.82 
 850 6112650.54  470150.55 
 851 6113936.63  470867.01 
 852 6113913.91  473873.48 
 853 6112623.07  468623.88 
 855 6121723.15  466369.47 
 856 6113949.51  472346.85 
 857 6120408.59  465625.40 
 859 6112621.21  462622.84 
 860 6116539.47  466390.75 
 861 6117837.21  467133.75 
 862 6117820.74  465624.83 
 863 6111328.75  461883.33 
 864 6112623.29  464127.53 
 865 6112625.59  461124.38 
 866 6111334.83  463379.73 
 867 6113930.18  461874.29 
 868 6113918.43  463368.91 
 869 6116540.43  463374.46 
 870 6116524.4  461880.42 
 871 6115227.69  464133.64 
 872 6115225.43  461134.06 
 873 6115221.79  462630.25 
 874 6098340.16  496375.03 
 875 6098345.94  494874.09 
 876 6098337.79  497877.8 
 877 6098343.27  499370.82 
 878 6097042.01  498631.95 
 879 6095749.42  497877.46 
 880 6099626.15  500120.07 
 881 6098340.73  500880.4 
 882 6095751.35  496374.31 
 883 6097050.95  495630.29 
 884 6094453.72  497125.15 
 885 6097040.28  497129.48 
 886 6094447.31  498612.54 
 887 6095776.25  499383.63 
 888 6093164.23  497879.41 
 889 6095752.65  494877.84 
 890 6102231.44  500122.56 
 891 6102229.71  503121.23 
 892 6097036.92  500122.81 
 893 6093151.12  496373.76 
 894 6094448.37  495631.68 
 895 6093145.67  493382.65 
 896 6102237.45  501628.72 
 897 6093147.01  494874.53 
 898 6117834.18  462635.23 
 899 6117846.49  464125.5 
 900 6116514.84  460375.49 
 901 6117832.22  461120.31 
 902 6113935.96  460362.83 
 903 6115237.09  458126.44 
 904 6113933.48  458868.96 
 905 6115236.48  459618.84 
 906 6112635.13  456625.42 
 907 6116524.6  464891.1 
 908 6099616.62  501626.29 
 909 6116531.35  457363.47 
 910 6100943.0  500866.47 
 911 6100934.05  502374.8 
 912 6112637.48  459633.5 
 913 6100922.76  499377.83 
 914 6112627.38  458120.5 
 915 6119120.59  457377.15 
 916 6111327.58  460366.6 
 917 6124297.74  451364.73 
 918 6113934.83  455863.99 
 919 6117832.33  456635.19 
 920 6113920.55  457376.01 
 921 6119132.99  455894.7 
 922 6123039.66  467124.59 
 923 6120429.24  456625.47 
 924 6120447.56  449121.12 
 925 6119125.49  458884.59 
 926 6123044.7  450619.33 
 927 6123028.09  464121.64 
 928 6120420.11  462622.66 
 929 6121737.95  449892.33 
 930 6117876.73  447701.55 
 931 6120419.83  458127.13 
 932 6119131.24  448397.02 
 933 6123058.34  465597.24 
 934 6119125.01  463376.49 
 935 6119121.55  460380.66 
 936 6119132.58  461881.72 
 937 6128215.12  465606.9 
 938 6102220.8  446131.5 
 939 6100940.64  446865.55 
 940 6102238.36  444635.95 
 941 6100935.97  445387.85 
 942 6093134.06  449874.89 
 943 6100938.48  443867.64 
 944 6100938.72  442381.12 
 945 6100938.19  440879.89 
 946 6121731.01  463368.9 
 947 6121730.44  461871.13 
 948 6102247.56  441618.98 
 949 6102225.83  443126.1 
 950 6121721.62  460368.19 
 951 6091832.85  450623.78 
 952 6090562.31  448380.32 
 953 6121736.49  464878.94 
 954 6099639.51  443127.57 
 955 6120423.48  459637.48 
 956 6102224.59  440133.3 
 957 6120419.34  461114.84 
 958 6091840.2  449129.31 
 959 6119122.02  464875.15 
 960 6090556.78  446866.62 
 961 6120427.62  464116.38 
 962 6129516.89  466367.41 
 963 6121723.43  454394.12 
 964 6107435.85  495625.15 
 965 6121708.4  455869.91 
 966 6129505.07  467863.94 
 967 6094437.16  450619.87 
 968 6129519.58  469373.03 
 969 6128217.93  467142.73 
 970 6093156.13  451376.05 
 971 6094452.11  452124.01 
 972 6099645.38  441620.59 
 973 6095734.14  451375.16 
 974 6128213.47  468620.83 
 975 6126913.34  470865.88 
 976 6125612.93  465643.1 
 977 6125612.75  464103.05 
 978 6091829.78  446109.31 
 979 6128216.06  464118.34 
 980 6091832.74  447629.48 
 981 6093153.16  448387.29 
 982 6125625.89  470120.91 
 983 6124341.32  466387.62 
 984 6128218.47  470117.88 
 985 6129498.7  464881.14 
 986 6125614.45  467135.58 
 987 6125636.71  468628.61 
 988 6124320.49  464869.2 
 989 6124305.95  461936.92 
 990 6126912.61  466371.27 
 991 6123031.68  462619.30 
 992 6126916.78  469374.88 
 993 6126894.25  464881.05 
 994 6126913.31  467871.81 
 995 6124315.37  463381.20 
 996 6106136.53  494872.75 
 997 6123016.52  456628.68 
 998 6126929.64  463371.92 
 999 6128238.17  462628.09 
 1000 6125609.45  462618.94 
 1001 6126934.77  461931.11 
 1002 6107433.65  494124.85 
 1003 6106134.75  493375.6 
 1004 6110023.43  497126.48 
 1005 6108736.37  494876.73 
 1006 6104834.65  492625.93 
 1007 6108733.59  496375.61 
 1008 6102238.74  489625.31 
 1009 6103536.11  490374.99 
 1010 6104833.34  491124.61 
 1011 6106136.03  491874.18 
 1012 6103536.98  479873.18 
 1013 6102235.92  479128.13 
 1014 6102235.67  480623.1 
 1015 6100932.14  481377.71 
 1016 6099640.27  479125.89 
 1017 6099628.82  480626.61 
 1018 6098340.04  481387.8 
 1019 6100933.62  479878.79 
 1020 6121714.16  457378.79 
 1021 6123016.27  455129.13 
 1022 6121711.78  458902.15 
 1023 6123054.71  452113.59 
 1024 6120442.79  453603.82 
 1025 6121731.41  451391.69 
 1026 6120445.91  455126.66 
 1027 6121732.81  452875.52 
 1028 6120434.38  452152.43 
 1029 6119136.73  449878.08 
 1030 6120440.68  450618.07 
 1031 6119140.11  451399.06 
 1032 6124314.12  455879.07 
 1033 6123016.58  461124.65 
 1034 6124314.71  458878.69 
 1035 6123019.1  459621.92 
 1036 6124296.05  454397.63 
 1037 6124304.77  452867.8 
 1038 6123015.05  458125.34 
 1039 6123029.66  453632.68 
 1040 6124316.68  457376.32 
 1041 6125619.02  458124.05 
 1042 6124318.45  460374.55 
 1043 6125617.27  459626.11 
 1044 6125616.5  461127.37 
 1045 6125618.4  456627.85 
 1046 6125619.84  453613.81 
 1047 6125594.42  452136.93 
 1048 6125631.23  455135.46 
 1049 6126914.82  458868.5 
 1050 6128205.36  461129.49 
 1051 6128208.17  459622.26 
 1052 6126919.98  460375.13 
 1053 6099636.5  444622.32 
 1054 6099659.32  446122.48 
 1055 6098345.75  446872.14 
 1056 6098326.11  445351.72 
 1057 6097055.31  444634.68 
 1058 6098343.55  442372.7 
 1059 6098333.04  443862.77 
 1060 6097058.96  443143.2 
 1061 6095756.68  445369.15 
 1062 6095747.9  446870.85 
 1063 6095754.81  443882.44 
 1064 6097049.37  446124.88 
 1065 6093149.01  446883.27 
 1066 6093153.87  445400.59 
 1067 6094455.85  444617.27 
 1068 6094458.88  446130.16 
 1069 6102229.73  447638.86 
 1070 6102241.13  449126.02 
 1071 6100920.43  449876.37 
 1072 6102244.86  450634.21 
 1073 6095732.17  448373.16 
 1074 6094454.91  447616.79 
 1075 6097052.63  447636.91 
 1076 6097037.72  452130.07 
 1077 6098342.62  448380.46 
 1078 6099635.33  447631.61 
 1079 6099658.96  449048.77 
 1080 6100936.1  448360.38 
 1081 6097039.19  449128.27 
 1082 6095723.71  449889.37 
 1083 6097036.5  450628.35 
 1084 6094438.15  449116.97 
 1085 6124320.46  469378.61 
 1086 6124332.32  470868.0 
 1087 6123028.53  468623.73 
 1088 6124325.31  467881.28 
 1089 6125617.95  471632.38 
 1090 6123029.66  471623.48 
 1091 6123033.01  470118.98 
 1092 6125620.12  473113.77 
 1093 6123033.71  473116.5 
 1094 6124323.11  473877.73 
 1095 6125630.3  474631.11 
 1096 6123033.54  474627.65 
 1097 6128183.81  477626.32 
 1098 6130806.94  479145.99 
 1099 6130804.34  477631.08 
 1100 6129507.55  478376.28 
 1101 6133402.26  479120.39 
 1102 6133341.76  480615.62 
 1103 6132083.08  479873.36 
 1104 6132121.07  478370.44 
 1105 6129513.35  479880.81 
 1106 6128238.88  479127.62 
 1107 6129507.97  481345.16 
 1108 6130822.82  480613.43 
 1109 6130821.3  482125.79 
 1110 6128233.35  482127.28 
 1111 6125608.25  482134.5 
 1112 6126910.59  482880.85 
 1113 6125614.94  483627.92 
 1114 6128206.13  483628.65 
 1115 6133391.13  482118.28 
 1116 6132078.72  481390.45 
 1117 6132098.11  482860.1 
 1118 6130817.79  483624.37 
 1119 6129511.43  482881.8 
 1120 6133391.06  483626.71 
 1121 6121731.55  482866.67 
 1122 6123011.71  482120.57 
 1123 6124371.44  482853.44 
 1124 6123015.45  483623.15 
 1125 6130809.9  486619.85 
 1126 6133402.75  485123.01 
 1127 6132099.96  485873.55 
 1128 6130816.79  485120.93 
 1129 6132122.63  488879.09 
 1130 6133416.18  488121.75 
 1131 6133413.19  486613.02 
 1132 6132112.87  487379.09 
 1133 6134689.99  487375.44 
 1134 6134699.26  488884.86 
 1135 6132115.89  490379.68 
 1136 6133404.65  489628.04 
 1137 6133396.65  492618.26 
 1138 6134699.37  490371.11 
 1139 6134708.72  491871.07 
 1140 6133413.71  491128.46 
 1141 6130805.34  488129.05 
 1142 6130813.0  489623.06 
 1143 6128225.2  491123.0 
 1144 6130814.29  491140.48 
 1145 6134716.85  494884.79 
 1146 6134710.84  493364.76 
 1147 6133416.27  494122.29 
 1148 6133434.69  495611.51 
 1149 6128238.94  489636.31 
 1150 6129513.27  490377.43 
 1151 6129511.21  488872.97 
 1152 6128208.81  488131.93 
 1153 6126916.18  488865.18 
 1154 6125621.8  488120.09 
 1155 6126911.9  490365.49 
 1156 6125608.93  489623.5 
 1157 6123009.86  491116.41 
 1158 6125637.63  491124.42 
 1159 6124296.83  488883.64 
 1160 6123002.41  489635.73 
 1161 6124307.63  490368.84 
 1162 6123013.93  488123.43 
 1163 6120420.94  482128.1 
 1164 6132102.52  484362.98 
 1165 6091850.14  494121.64 
 1166 6089251.26  495636.18 
 1167 6087944.73  494878.51 
 1168 6089245.95  494144.18 
 1169 6087944.21  493378.29 
 1170 6090545.36  494864.42 
 1171 6090561.74  496378.39 
 1172 6089246.96  492616.92 
 1173 6090551.44  493380.31 
 1174 6094449.21  494126.83 
 1175 6091853.93  497124.21 
 1176 6091853.72  495624.18 
 1177 6086643.64  494127.51 
 1178 6087947.16  491879.34 
 1179 6085345.11  490378.07 
 1180 6085344.84  493377.83 
 1181 6084045.56  491127.18 
 1182 6084041.74  489628.22 
 1183 6086643.55  492626.82 
 1184 6085345.67  491877.00 
 1185 6116531.36  472392.25 
 1186 6116538.03  473881.3 
 1187 6120431.15  470124.72 
 1188 6119127.58  469381.52 
 1189 6120419.05  468630.5 
 1190 6117838.63  470126.16 
 1191 6117821.52  468621.22 
 1192 6120415.88  467140.67 
 1193 6117829.5  474617.58 
 1194 6117829.1  473127.34 
 1195 6117827.5  471628.86 
 1196 6121730.16  473871.41 
 1197 6121732.71  472380.88 
 1198 6116526.89  470876.95 
 1199 6120429.59  473114.47 
 1200 6120433.41  474628.64 
 1201 6121733.12  469379.76 
 1202 6121729.21  467876.94 
 1203 6120434.88  471628.63 
 1204 6121734.55  470878.99 
 1205 6116530.86  467880.39 
 1206 6116535.75  469382.55 
 1207 6115226.55  470144.04 
 1208 6115238.27  468638.64 
 1209 6107233.38  470191.84 
 1210 6108733.07  467877.9 
 1211 6111323.04  467871.62 
 1212 6115223.53  474628.51 
 1213 6108733.26  469377.44 
 1214 6115223.79  473126.88 
 1215 6107386.32  471616.3 
 1216 6115228.95  471637.32 
 1217 6110034.99  467129.98 
 1218 6112620.63  467126.28 
 1219 6111333.55  466383.6 
 1220 6112623.33  465625.24 
 1221 6110044.47  464126.51 
 1222 6111331.31  464872.35 
 1223 6110024.24  465626.66 
 1224 6115211.05  465541.97 
 1225 6113920.09  466374.36 
 1226 6119110.46  466375.77 
 1227 6115201.19  467099.97 
 1228 6119130.19  467896.06 
 1229 6119131.19  470889.28 
 1230 6124337.47  472373.1 
 1231 6119139.72  473879.12 
 1232 6104835.92  470123.06 
 1233 6103482.62  473882.69 
 1234 6103534.03  470879.51 
 1235 6103539.0  472376.37 
 1236 6102238.22  488122.77 
 1237 6106133.61  490377.5 
 1238 6103535.58  487377.3 
 1239 6103532.21  488871.72 
 1240 6106130.02  488879.11 
 1244 6090545.09  452862.21 
 1245 6089247.88  449125.95 
 1246 6089248.05  452124.3 
 1247 6089259.85  447618.09 
 1248 6090565.22  451382.82 
 1250 6089248.18  453624.66 
 1251 6095754.59  452881.77 
 1254 6124315.55  463379.51 
 1260 6089252.94  450634.33 
 1261 6090540.47  449872.33 
 1262 6086639.0  452124.0 
 1263 6087955.33  451390.41 
 1264 6119143.89  472359.2 
 1269 6095796.96  455866.05 
 1270 6126972.1  479791.08 
 1271 6089274.71  455141.51 
 1272 6128265.83  480535.31 
 1273 6120473.06  477538.8 
 1274 6124370.15  481289.07 
 1275 6124382.82  475285.93 
 1276 6098282.81  452961.96 
 1277 6123072.57  476033.9 
 1278 6124375.06  479786.6 
 1279 6126983.49  476788.6 
 1280 6095769.3  458880.12 
 1281 6126978.76  478281.23 
 1282 6096998.74  455126.35 
 1283 6121776.82  479788.08 
 1284 6126975.41  481289.43 
 1285 6104829.65  480627.72 
 1286 6100927.49  451358.46 
 1287 6120476.89  476032.45 
 1288 6104829.94  488124.92 
 1289 6125675.28  477541.67 
 1290 6104835.26  489626.79 
 1291 6120476.06  479035.6 
 1292 6125678.73  480538.82 
 1293 6125683.99  476040.31 
 1294 6123072.64  477533.55 
 1295 6120479.16  480534.61 
 1296 6124365.55  476784.44 
 1297 6125679.45  479038.77 
 1298 6124374.05  478285.54 
 1301 6121769.85  476786.37 
 1302 6121774.24  481284.97 
 1303 6121774.1  475287.52 
 1304 6126913.43  475376.19 
 1305 6111321.02  484371.7 
 1306 6095748.14  460373.71 
 1307 6121774.83  478284.8 
 1308 6096989.88  453686.26 
 1309 6098341.96  457379.75 
 1310 6123078.85  480540.69 
 1312 6123069.93  479030.33 
 1313 6100929.97  452871.19 
 1314 6110005.5  444578.74 
 1315 6098330.09  455936.98 
 1316 6098337.17  451377.95 
 1318 6102142.54  486657.08 
 1319 6098336.28  479875.29 
 1320 6099576.32  483737.6 
 1321 6103530.51  491884.06 
 1322 6094455.87  459624.33 
 1323 6097093.08  458029.69 
 1324 6099733.58  455151.03 
 1326 6098334.39  458877.5 
 1327 6100931.94  454369.42 
 1330 6094458.53  455122.29 
 1332 6080152.14  473874.44 
 1334 6094446.53  456629.51 
 1335 6094367.96  461188.1 
 1336 6093145.11  455878.48 
 1337 6098337.12  449875.92 
 1338 6102229.95  453625.31 
 1339 6102234.34  452119.87 
 1340 6099632.39  452117.03 
 1345 6106127.53  485880.21 
 1346 6129509.34  484370.11 
 1347 6128215.8  485122.43 
 1348 6128214.19  486623.42 
 1349 6097033.86  456624.68 
 1350 6095725.55  454395.02 
 1352 6097033.91  459626.06 
 1353 6120414.25  483628.54 
 1354 6111309.71  485876.85 
 1355 6124321.41  484371.02 
 1356 6113914.35  478381.87 
 1357 6112629.46  476124.69 
 1358 6124319.02  485870.47 
 1359 6129514.2  487374.96 
 1360 6124371.33  482850.5 
 1361 6099640.31  456623.67 
 1362 6113924.71  475380.59 
 1363 6113924.91  476873.25 
 1364 6115225.16  477630.81 
 1365 6113927.8  479875.42 
 1366 6117815.59  476117.06 
 1367 6116519.04  475380.79 
 1368 6115227.83  479127.99 
 1369 6129518.86  485870.66 
 1370 6116516.41  476885.4 
 1371 6111328.25  475376.68 
 1372 6111326.15  476872.2 
 1373 6115217.86  476132.66 
 1374 6112627.16  479117.77 
 1375 6111325.94  487373.66 
 1378 6116527.0  482872.92 
 1379 6119119.89  484378.12 
 1380 6119121.95  487375.81 
 1381 6125620.89  486624.71 
 1382 6126922.97  473872.24 
 1383 6115225.34  485123.56 
 1384 6125618.43  485124.38 
 1385 6110025.82  492625.03 
 1386 6113926.01  484379.42 
 1387 6126918.66  485871.13 
 1388 6119112.35  493383.71 
 1389 6120416.91  492623.95 
 1390 6115223.02  483622.01 
 1391 6115222.9  482126.99 
 1392 6126916.03  487375.64 
 1393 6108728.52  487372.68 
 1394 6126914.37  484373.04 
 1395 6119124.18  485876.81 
 1396 6112622.26  482131.2 
 1397 6115225.86  486623.23 
 1398 6113929.07  482867.21 
 1399 6121719.33  484372.83 
 1400 6121722.61  485876.51 
 1401 6113923.91  487372.64 
 1402 6117823.03  482120.3 
 1403 6123026.89  485133.33 
 1404 6104829.14  485130.15 
 1405 6116523.37  485873.99 
 1406 6117819.48  483623.57 
 1407 6111322.3  488875.67 
 1408 6112623.89  491123.65 
 1409 6112628.75  489626.94 
 1410 6112625.2  488122.98 
 1411 6119151.94  481329.42 
 1412 6106127.27  481377.98 
 1413 6119148.5  478328.55 
 1414 6103533.19  481373.68 
 1415 6104848.84  483621.83 
 1416 6104827.69  486625.24 
 1417 6111328.65  490374.34 
 1418 6119148.21  476838.22 
 1419 6110037.97  477627.23 
 1420 6110031.54  479123.02 
 1421 6108731.51  475372.83 
 1422 6108733.88  481376.4 
 1423 6113926.93  485862.43 
 1424 6110029.24  480619.43 
 1425 6108728.22  476873.0 
 1426 6108726.13  478380.83 
 1427 6116515.2  479875.49 
 1428 6108731.68  479878.51 
 1429 6107436.59  476127.3 
 1430 6107432.62  480625.8 
 1431 6116523.56  481383.08 
 1432 6107427.38  477628.46 
 1433 6107427.52  479127.24 
 1434 6119139.35  479823.86 
 1435 6117819.81  479118.7 
 1436 6106123.13  476872.72 
 1437 6103527.02  478381.03 
 1438 6119114.97  475372.44 
 1439 6117823.42  480635.31 
 1440 6106127.7  479868.67 
 1441 6103539.72  475380.21 
 1442 6104830.93  477619.64 
 1443 6104874.6  479111.38 
 1444 6103546.96  476886.43 
 1445 6106124.34  475370.75 
 1446 6106123.77  478372.93 
 1447 6104834.37  476125.74 
 1448 6110025.09  486676.52 
 1449 6112638.85  477629.42 
 1450 6115223.52  491125.88 
 1451 6115217.7  495627.54 
 1452 6110023.09  488123.12 
 1453 6116517.93  490372.7 
 1454 6117819.62  495625.18 
 1455 6116520.51  493373.45 
 1456 6110026.32  483622.27 
 1457 6116523.21  491873.63 
 1458 6113920.23  491872.89 
 1459 6102234.09  483624.05 
 1460 6108734.35  482876.18 
 1461 6117826.78  477619.57 
 1462 6116524.73  478376.12 
 1463 6110023.95  485134.01 
 1464 6108726.33  485883.51 
 1465 6113924.33  488875.63 
 1466 6113920.8  496374.87 
 1467 6103533.69  482875.91 
 1468 6119127.73  482876.39 
 1469 6110032.29  489614.83 
 1470 6112625.44  497124.55 
 1471 6129511.11  494877.93 
 1472 6117834.36  462633.26 
 1473 6107425.75  485133.76 
 1474 6115218.82  494124.89 
 1475 6113921.22  494875.45 
 1476 6117822.22  494127.22 
 1477 6115222.94  492625.85 
 1478 6132111.61  475376.44 
 1479 6115217.97  494125.67 
 1480 6121718.92  488875.45 
 1481 6128211.76  476121.53 
 1482 6130815.94  474626.61 
 1483 6132105.97  476883.57 
 1484 6129513.43  497869.22 
 1485 6128235.57  474624.12 
 1486 6126918.57  472369.25 
 1487 6129519.81  476865.69 
 1488 6128210.84  492625.82 
 1489 6129509.7  493374.92 
 1490 6112621.93  495626.53 
 1491 6108731.66  484378.97 
 1492 6107428.96  483627.8 
 1493 6119124.04  491878.09 
 1494 6117824.44  492634.1 
 1495 6111330.66  493377.17 
 1496 6119120.27  494876.3 
 1497 6116521.14  494873.88 
 1498 6110028.17  482120.8 
 1499 6106131.69  482874.96 
 1500 6108728.93  488867.83 
 1501 6133404.06  477627.1 
 1502 6113924.3  490368.59 
 1503 6111319.7  491871.29 
 1504 6110028.09  491124.43 
 1505 6112631.16  492621.88 
 1506 6132104.02  472376.76 
 1507 6129513.73  475369.64 
 1508 6112625.48  494127.65 
 1509 6116529.74  488877.51 
 1510 6115221.31  489625.61 
 1511 6120420.19  495627.33 
 1512 6113917.85  493368.32 
 1513 6115219.75  488115.07 
 1514 6111328.77  494871.53 
 1515 6107428.78  482121.87 
 1516 6120415.68  494123.91 
 1517 6104839.47  482125.26 
 1518 6115217.58  480621.72 
 1519 6112620.57  480628.57 
 1520 6113922.05  481374.88 
 1521 6106137.99  487383.13 
 1522 6112613.75  483634.65 
 1523 6111331.61  482875.23 
 1524 6112629.52  486620.34 
 1525 6111317.29  478374.51 
 1526 6110029.03  476131.67 
 1527 6111316.31  479880.39 
 1528 6111328.18  481376.56 
 1529 6102232.54  482122.37 
 1530 6121722.09  487372.25 
 1531 6120435.13  485123.44 
 1532 6123018.15  486624.61 
 1533 6112630.03  485129.08 
 1534 6106138.39  484374.2 
 1535 6116528.19  484375.61 
 1536 6117815.53  486623.13 
 1537 6124326.26  487377.09 
 1538 6117818.33  485125.79 
 1539 6120418.92  486628.52 
 1540 6116522.49  487371.57 
 1541 6121722.16  494878.03 
 1542 6121720.2  490374.55 
 1543 6121722.89  491875.98 
 1544 6121725.29  493378.49 
 1545 6129508.18  473880.2 
 1546 6129521.91  472376.1 
 1547 6130810.26  471628.69 
 1548 6128222.34  473123.06 
 1549 6129493.13  470864.86 
 1550 6130818.14  473124.56 
 1551 6132107.09  473876.78 
 1552 6128219.91  471619.63 
 1553 6130815.08  476120.22 
 1554 6132112.51  493377.08 
 1555 6132113.89  494880.14 
 1556 6130808.13  494126.05 
 1557 6130812.98  495629.13 
 1558 6123018.47  492624.99 
 1559 6124313.08  491874.54 
 1560 6125616.98  494124.59 
 1561 6124314.3  494870.24 
 1562 6123019.33  494124.84 
 1563 6129516.67  491872.51 
 1564 6132112.15  496382.73 
 1565 6132054.71  491885.3 
 1566 6126911.23  497873.3 
 1567 6125613.46  497127.25 
 1568 6117815.37  500115.51 
 1569 6117819.4  498624.85 
 1571 6121724.25  499376.17 
 1572 6124315.2  493371.81 
 1573 6121718.89  500876.7 
 1576 6128208.83  497120.51 
 1577 6123016.67  497125.13 
 1578 6124318.75  500870.82 
 1579 6119118.73  497877.43 
 1580 6126918.34  500872.11 
 1581 6123017.38  498625.51 
 1582 6124316.78  499372.94 
 1583 6120419.1  500124.21 
 1584 6120402.73  498628.85 
 1585 6120420.11  497121.96 
 1586 6126915.46  496370.08 
 1587 6130813.27  492627.6 
 1588 6128212.76  498622.66 
 1589 6123016.78  495621.31 
 1590 6119115.0  499381.4 
 1591 6121717.54  502374.25 
 1592 6115218.63  497131.21 
 1593 6115222.98  498629.65 
 1594 6128209.01  494126.62 
 1595 6128210.01  495626.55 
 1596 6126913.91  494872.79 
 1597 6125618.35  492627.84 
 1598 6125603.16  498638.49 
 1599 6126912.67  499370.01 
 1600 6123020.37  506128.88 
 1601 6119118.31  496376.96 
 1602 6117822.65  497124.73 
 1603 6120413.68  507627.41 
 1604 6125623.93  500117.0 
 1605 6125618.3  495624.48 
 1606 6130815.72  497123.84 
 1607 6126913.89  491871.86 
 1608 6126917.24  493373.39 
 1609 6129509.34  496379.15 
 1610 6117818.46  507623.44 
 1611 6116518.95  500874.72 
 1612 6116520.79  499377.54 
 1613 6119108.43  508374.97 
 1614 6123023.11  500124.97 
 1615 6124327.27  496373.27 
 1616 6123013.11  501626.92 
 1617 6124324.17  497876.88 
 1619 6115220.01  500130.31 
 1620 6129515.0  499376.99 
 1621 6117818.02  506127.41 
 1623 6116521.11  503876.56 
 1624 6121712.8  506877.61 
 1626 6121715.69  505374.38 
 1628 6119115.79  506873.1 
 1629 6116518.43  505376.47 
 1630 6120419.94  506128.17 
 1631 6128216.07  500124.12 
 1632 6117817.91  503123.58 
 1633 6121718.05  503879.21 
 1634 6117825.69  504625.56 
 1635 6116517.69  506876.72 
 1636 6117813.34  501628.72 
 1637 6119112.41  500874.98 
 1638 6126913.29  502379.98 
 1639 6119112.55  503879.87 
 1640 6116512.78  497883.96 
 1641 6121720.4  496378.08 
 1642 6116520.38  496376.91 
 1643 6121716.24  497879.48 
 1644 6120429.39  504622.38 
 1645 6124317.28  503878.2 
 1646 6120421.34  503124.46 
 1647 6123016.53  503124.61 
 1648 6116523.51  502383.89 
 1649 6128214.69  501608.2 
 1650 6129511.86  500874.13 
 1651 6125610.41  501627.94 
 1652 6125609.15  503126.76 
 1653 6119120.42  505376.82 
 1654 6130813.35  498624.97 
 1655 6119117.1  502376.41 
 1656 6120417.48  501627.95 
 1657 6123016.11  504624.65 
 1658 6124316.97  502376.31 
 1659 6132129.51  499386.03 
 1660 6130812.35  500126.66 
 1661 6123030.95  462622.31 
 1662 6130815.9  501626.78 
 1663 6132107.85  497884.85 
 1664 6133401.66  497122.42 
 1665 6128214.61  504628.18 
 1666 6133423.59  498622.95 
 1667 6126916.87  505378.56 
 1668 6129512.68  503877.05 
 1669 6129514.4  502380.1 
 1670 6128216.5  503129.57 
 1671 6124325.08  505375.51 
 1672 6125614.91  506126.26 
 1673 6125611.68  504626.14 
 1674 6126918.46  503875.29 
 1675 6123012.05  507627.01 
 1676 6121721.51  508368.73 
 1677 6124317.69  506875.13 
 1678 6115219.39  507624.45 
 1679 6113918.58  506874.4 
 1680 6113920.14  505376.83 
 1681 6112639.18  504621.87 
 1682 6115220.04  506124.49 
 1683 6113897.56  502458.2 
 1684 6115220.23  503127.65 
 1685 6112465.11  503119.88 
 1686 6111315.24  502380.49 
 1687 6115220.51  504624.7 
 1688 6115224.01  501628.32 
 1689 6113927.67  503874.8 
 1690 6111325.8  500876.51 
 1691 6110033.87  501624.0 
 1692 6112601.02  501621.84 
 1693 6107431.58  492623.91 
 1694 6113825.22  500895.35 
 1695 6106137.37  466382.19 
 1696 6108728.09  499376.34 
 1697 6108726.62  497877.45 
 1698 6111320.65  497869.53 
 1699 6110038.19  500129.57 
 1700 6112617.39  498626.34 
 1701 6112623.97  500123.61 
 1702 6107414.7  491134.88 
 1703 6111318.93  496372.77 
 1704 6113922.5  499382.75 
 1705 6110027.04  494122.78 
 1706 6110021.4  495625.69 
 1707 6108737.04  491857.4 
 1708 6108724.61  490373.26 
 1709 6110024.45  498626.29 
 1710 6111322.08  499374.42 
 1711 6113924.16  497877.92 
 1712 6108733.62  493377.15 
 1713 6100929.85  482877.41 
 1714 6102236.2  485128.27 
 1715 6099624.69  482130.76 
 1716 6100934.62  484378.55 
 1717 6106134.52  469376.02 
 1718 6103532.27  485871.55 
 1719 6106141.34  467860.5 
 1720 6103534.96  484373.03 
 1721 6106133.84  461874.91 
 1722 6104812.47  461122.52 
 1723 6106127.82  458872.02 
 1724 6106143.08  460378.31 
 1725 6104836.05  458127.11 
 1726 6106135.46  457373.19 
 1727 6104840.79  459630.39 
 1728 6104841.59  456623.26 
 1729 6107436.97  459623.45 
 1730 6106128.84  455877.69 
 1731 6107434.79  456622.46 
 1732 6107427.98  458123.83 
 1733 6108736.59  458876.57 
 1734 6108738.39  455880.61 
 1735 6107436.37  461131.86 
 1736 6108729.77  457377.62 
 1737 6110028.72  459624.46 
 1738 6110028.45  456626.08 
 1739 6110026.06  458132.24 
 1740 6110025.45  461123.95 
 1741 6108735.29  461873.67 
 1742 6111322.28  457377.29 
 1743 6110025.58  462628.93 
 1744 6111325.83  458877.63 
 1745 6108726.75  463378.89 
 1746 6107435.09  462624.85 
 1747 6108732.19  460380.09 
 1748 6103534.93  463375.79 
 1749 6103534.37  461873.5 
 1750 6102249.58  465625.77 
 1751 6106281.76  463341.15 
 1752 6106140.29  464866.15 
 1753 6102228.5  467130.62 
 1754 6103424.78  464873.74 
 1755 6111327.07  455873.61 
 1756 6103534.82  469373.85 
 1757 6104617.53  462721.54 
 1758 6103533.7  466373.67 
 1759 6103528.82  467877.47 
 1778 6104827.34  464128.34 
 1779 6116533.88  469382.3 
 1781 6120407.79  465624.18 
 1782 6090540.22  455876.77 
 1783 6090520.51  454374.79 
 1784 6094460.9  458126.71 
 1785 6095758.5  457367.87 
 1787 6093144.88  454373.62 
 1789 6091987.87  452037.04 
 1791 6107603.04  465782.34 
 1793 6104832.02  464126.89 
 1794 6104842.12  465633.73 
 1795 6104830.61  467118.25 
 1796 6104826.52  468622.66 
 1797 6108725.07  466376.1 
 1798 6107293.24  468623.3 
 1799 6102238.91  464125.53 
 1800 6100895.37  469295.27 
 1801 6094493.33  453640.66 
 1802 6082757.23  461874.62 
 1803 6107632.53  488096.83 
 1804 6107496.58  489602.46 
 1806 6091844.62  455126.61 
 1807 6107575.56  486696.34 
 1809 6093319.03  452837.21 
 1817 6107428.17  467111.17 
 1818 6108690.95  464789.03 
 1819 6107414.99  464131.93 
 1821 6104830.54  477619.3 
 1822 6099630.27  450624.77 
 1824 6102238.68  464128.09 
 1828 6103534.29  469373.69 
 1834 6103528.71  467877.86 
 1849 6104821.47  468624.41 
 1850 6104837.48  465634.74  
 1851 6108724.83  466377.86 
 1853 6078857.33  456625.98 
 1854 6113923.33  467875.11 
 1860 6123002.41  489635.73 
 1861 6123009.86  491116.41 
 1871 6103539.72  475380.21 
 1873 6097029.27  476121.81 
 1875 6119117.10  502376.41 
 1877 6098340.23  478375.60 
 1878 6109992.49  471609.37 
 1879 6115225.16  477630.81 
 1880 6112631.34  474621.29 
 1881 6113913.91  473873.48 

 607 6115225.97  447620.64  
 608 6113923.74  448372.44  
 609 6112627.77  447623.77  
 615 6113925.55  446874.9  
 635 6112628.41  453626.52  
 639 6112625.26  449126.0  
 643 6112627.75  452126.69  
 651 6112626.77  450627.45  
 659 6111329.86  449877.06  
 660 6111330.11  451374.12  
 663 6111307.03  452865.41  
 669 6115232.39  452130.04  
 695 6116518.56  452875.97  
 698 6116527.29  451373.54  
 701 6115224.06  449130.77  
 702 6116523.59  449877.65  
 707 6115224.33  453633.84  
 710 6113933.04  449882.48  
 736 6113929.07  454379.29  
 819 6113927.85  452876.88  

 688 6115227.18 450624.52 
 734 6113928.15 451375.98
